0.943299679279806, 1.74997595789017, 
-0.555473285718975, 218.169237306867, 41.6706569652066, 2.2355733015699, 0.350591020484972, 5.29380930787561, 
-0.610607433190457, 234.998861160298, 3.98228925781169, 2.67948493119314, 1.18120545176482, 1.66094549233131, 
-0.725153407257466, 208.915835792598, 14.9517118935245, 2.6192413021323, 1.28760955030162, 3.44029526946219

0.997893234422696, 0.543930233616823, 
-0.887936162674904, 192.791110046212, 14.7920300721183, 0.393692313422791, 2.57274017102609, 4.47422316595587, 
-1.17108891227155, 165.00023978718, 33.6766426965271, 0.0640978026430336, 1.21307475695545, 14.5403889258329, 
-0.528254326046434, 214.353720809097, 44.5933254470388, 1.10301747983278, 3.13999939366196, 7.12786689582858

0.998049167098364, 0.541030559650455, 
-0.786558821356185, 186.510057577203, 14.9554868448765, 0.821325078279143, 2.7339723460924, 5.19343518789135, 
-0.82666266872327, 151.303048191107, 99.9600063397707, 1.85077825941887, 0.797870744686675, 24.9933008578812, 
-1.46238760822049, 206.728031042439, 39.9744097561816, 1.16908819255178, 1.02706149575584, 4.69207589881258

0.997208871846954, 0.613193060422606, 
-0.690179512085995, 169.240824653731, 13.9368919667625, 0.425720639309747, 0.282912012464918, 6.78552701103889, 
-2.05195873091565, 234.988983966398, 4.04753350155003, 2.86570529473326, 0.758929077368454, 2.28121258607829, 
-0.769545716676461, 234.998609486065, 55.5827505691117, 1.68057285129959, 0.451132303469042, 16.4388206922374

0.998112552227527, 0.574041610534494, 
-3.02849525583635, 206.415632887984, 41.6115163877611, 1.72211378814884, 1.53842673279427, 8.84756508013322, 
-0.638982194250731, 174.720192783792, 8.34487923643404, 0.0727077886368818, 1.26393030448949, 6.34002355562474, 
-0.738364557416593, 210.368875609419, 51.1985389446983, 1.56763372320653, 0.243254863497797, 15.1749902215549

0.997180993057598, 0.619428366716555, 
-1.29649076633594, 190.537618932709, 13.8827168419734, 0.19845385873026, 3.13998269938062, 3.74521757253263, 
-1.00901081945199, 199.662094585856, 39.3849465037716, 1.11952868003631, 0.926889602714593, 8.88098304358489, 
-3.07148972448515, 156.537003650077, 16.5196009338919, 0.332326252747032, 0.588374771358116, 1.40069507198293

0.997577925851775, 0.569465641646283, 
-1.4215352552047, 201.679649689922, 40.794351148952, 1.9070846897454, 0.61336656883429, 24.9946994805436, 
-1.03192698739367, 185.513212290813, 14.4505552954281, 0.550529376450613, 2.67858639397582, 5.17716181417561, 
-1.73351675605494, 192.518106225834, 35.6194636048208, 1.94206746122118, 3.13999977172614, 4.44786632255096

0.996984778370109, 0.579574982757492, 
-1.40333375237903, 158.935671136693, 63.5358996639137, 1.85630567407138, 0.442951850977966, 20.6061624411571, 
-0.611772682524721, 188.373678474055, 12.4653925996653, 0.610308141775675, 3.13985754789575, 5.86418400026897, 
-1.77338067538842, 189.159543715956, 34.7831802945557, 1.12062074862107, 0.908138201208445, 4.02732736775742

0.996823859888475, 0.623786018710936, 
-1.19155476795886, 192.676398040258, 36.3765088362544, 1.56163423132858, 1.42672119637978, 10.0812720720527, 
-0.895508969368597, 173.059745329331, 18.5000335282928, 0.979837381469784, 3.12794798063957, 5.22288060512397, 
-4.37089337667279, 182.348542684865, 95.1864439176961, 0.38082679306905, 0.129747016395781, 2.02731750377181

0.99643489846129, 0.627528011939565, 
-3.5618518365057, 187.820222989875, 35.2988988245535, 0.681652853016142, 2.94509452446609, 2.87428036432279, 
-1.83228190570591, 182.802159176174, 58.4669846224799, 1.95285506968374, 0.348171012722499, 21.8054271579859, 
-0.658004921166277, 172.609054801947, 20.4841332415558, 2.09434149640881, 1.77369291320318, 8.10869831814046

0.996853880170754, 0.56428585329628, 
-0.356578896827134, 213.694149075158, 5.22719068278284, 0.493457769717236, 3.01793736541686, 6.19297024171078, 
-1.93352717254172, 151.739668130299, 21.1475964426626, 2.57840670589646, 2.77807310201574, 1.00754422013293, 
-0.992716804697638, 144.754778522404, 74.3130313812264, 1.79800579625035, 0.361148177367731, 18.5529876128449

0.99670719976682, 0.63551887003694, 
-0.975657192669053, 163.045445206746, 18.8702951337894, 1.86957004033374, 2.42621955172348, 8.22941263133596, 
-2.34677956585659, 133.006004562756, 70.3427919766957, 1.45731907704933, 0.415955843326591, 7.25329066288312, 
-2.1236952211956, 248.999570352387, 99.9814571452004, 0.922205061786561, 0.479435141031018, 11.9161869680838

0.997663863129424, 0.620455450941597, 
-1.51427538425835, 133.004747879483, 17.5606910718572, 2.7833706566108, 3.13956067697958, 2.19057128081456, 
-1.09434028533385, 209.941487191359, 36.9045084599454, 1.80053929851176, 0.826003969110249, 24.9962285447064,
-1.7109947111311, 184.374798437, 15.5573405206413, 1.33844716770408, 2.79970375526054, 2.99593313733571

0.996951985463972, 0.512454854549689, 
-0.228907368480583, 198.938687035224, 10.2997343805561, 2.09357597591647, 1.0827906692597, 6.23978276014468, 
-0.876654142488871, 183.31242571865, 44.9614503245151, 1.57566983474678, 0.911680992001188, 24.9953237847194, 
-2.37962533449233, 131.007111523829, 13.1400706483643, 0.753943109418912, 3.07038153023398, 1.59742108175578

0.997854236681329, 0.546787610823014, 
-1.0808108592847, 195.683494786199, 40.7304460490442, 1.6721972172907, 0.223363457314928, 24.9998975551295, 
-1.17298853889226, 189.984444897077, 14.6002209340212, 1.77029844738474, 0.86272950193865, 3.70678330707202, 
-3.00434477982249, 133.000250743684, 14.149619900985, 2.25430126906489, 1.10795868728814, 1.64945135645657
