0.997775333774376 0.530707489979251 
-1.05212006486569 195.172790615227 13.2029702107195 0.272997513627965 3.12101199581809 3.62509007053153 
-0.742915790256845 165.229285088304 12.3509897477782 2.73875725993722 0.00373129983935073 15.3745020412268 
-2.01820145685768 226.974783565067 61.9732861338769 1.77288296428766 0.666596944471407 0.756878490627871 
-0.633541757545494 213.972369492835 42.9425699339651 1.45898425122859 1.1050598136289 5.30616539656963

0.99772359145492 0.552344630031087 
-1.6976338004683 228.256977226452 4.56723662916787 2.89715218448768 1.18641037350416 2.50343400787253 
-0.582770208647833 228.904628452691 47.6468778422516 1.88381578145542 0.379394820878137 15.1806461451586 
-0.953318687452432 177.447707146808 16.6795767837357 1.45764992036249 2.78558879773119 5.27258275939063 
-2.04229016230907 205.612267038295 39.7930462673677 1.41349401396243 3.13123838969361 2.97370328153225

0.996574468615313 0.640819781944001 
-0.888944389648721 154.00424798018 10.7239322231576 0.323950974877684 0.271272868799912 5.74159660441496 
-0.724582036318793 209.743829702009 41.6487433266373 1.75956670733573 0.631789358448242 24.7013751111133 
-2.03447483056717 234.862575348248 3.54401882654398 2.97323552368236 0.793121245757095 2.25001418533055 
-2.09646941348786 208.107546730162 41.7796622816753 1.77943313344541 0.278831312603029 3.04713802579934

0.998014667710104 0.553336802594846 
-2.8001590388523 141.50813082448 58.6610458022116 0.669710400715123 0.203056050453126 6.75329124152789 
-1.55014974675235 229.310004916139 4.87749355049389 2.90295587506696 1.2054174688687 3.8672218872578 
-0.643293126556657 204.339480981479 42.0783736426744 1.55489311150719 0.00119032070721004 9.55288369030257 
-1.50693976686302 175.340818755384 15.583328574416 1.33716353880402 3.13945042591189 3.98459568472766

0.997284600276996 0.606854935477692 
-1.09160930960738 189.665323126733 14.4864541077402 0.228459641133317 3.12808941646858 4.07202232939963 
-2.82483755239157 155.830958687352 18.116412487826 0.0824010104686319 1.75377532839453 2.34031539014648 
-1.8336608031598 203.074520780045 40.5106490627264 1.19999660711381 0.788003161644536 3.90365183711177 
-1.68757951416455 141.240619705568 67.5789104992877 1.72644663790662 0.581109328149564 12.0961583100463

0.997306706251657 0.6238479445586 
-0.71402577034935 183.486689779844 10.6306177193354 0.280328890989756 2.6996955028874 5.68778678004464 
-1.25085794998668 209.544618924255 36.2368057392767 1.93061833227857 0.643074395010659 24.9534788920938 
-1.96438393723851 196.234853896185 37.0578639879205 1.1535970850127 0.205588477050398 2.52909158854823 
-3.18763090388417 239.055077254324 4.19109450000364 1.34609880686488 3.13419237950785 1.32773495529925

0.996990046369488 0.575338193815664 
-1.46539567277386 189.641611048495 34.5777640548545 1.13893015209961 0.985007402915663 4.9616037777965 
-2.27758115404744 239.428666034218 85.892080165554 2.69643246016065 3.0782429636138 24.6675194754031 
-0.554329530897026 188.702026215034 12.3293824095746 0.627675823413702 3.13912476608476 6.01847058860412 
-2.54775556429175 158.415216869212 69.0166143435142 1.15170172841998 0.388454558310685 17.9397066656188

0.996446971327207 0.635523448910672 
-2.51383149587712 153.337190828912 45.0613889609382 1.64984252210217 3.10695341969281 8.75211272716283 
-0.900535499386604 192.833807491232 17.0550966450291 2.62290288156646 1.95809339461846 6.36224729715063 
-2.75423598819487 220.718442684227 42.9544673434868 2.13154559882834 0.950679133419625 6.44110715649007 
-1.51136853853904 163.213575682191 23.1076528528945 0.652008442176971 2.44895763493242 4.30282938607148

0.99712146383806 0.607051176524701 
-0.926829149179624 180.89679478462 17.172414712834 0.44425283833541 2.69970594097097 5.76194022694075 
-2.23781336229453 156.124593224424 22.797299410217 2.35361897874344 2.69746018276794 1.63212899953247 
-1.38515132749219 140.304637262282 90.4640300763658 1.83794049987737 0.43035043934544 15.21730071538 
-3.78598079549598 181.370697584859 57.572737843642 2.60009517036095 0.661731744570377 0.732978910997057

0.997429679470927 0.637964523226199 
-0.254005346691466 211.587788892918 3.01178467015407 0.452289541222134 2.91567555214764 6.67930050589265 
-1.02618696122732 146.00311515792 65.9839311428123 1.7150255314107 0.331326869613747 18.3977192374916 
-2.00722657013353 151.347326765425 21.1679567865361 2.6577086831696 2.71316890611552 0.911844300555162 
-3.04697576940009 229.783268356269 2.23129881593464 1.39623184749621 2.94350714992115 1.48085906566218

0.997412547043848 0.566334402962635 
-2.62192263910359 147.245538184779 19.804438625295 2.64902990390975 2.82951054081145 0.799163799410714 
-2.88625547769572 247.469382398253 21.4440098367622 2.01477827789136 2.90640045043351 3.31864803390603 
-1.3344598260616 202.342906697325 36.905226339058 1.70134151297049 0.526629040806434 20.4035105457084 
-1.05869486462999 180.199015348574 14.8816473647299 2.33501162935342 1.38430906248119 6.4956205019031

0.99780550410699 0.56845331634325 
-2.90996552007396 167.293260549093 26.348509670153 2.91076439496412 3.13566071852522 0.743428115721179 
-2.19996726856449 141.301133891933 18.2923078936529 2.8446421924405 2.67970738812673 0.732019072278462 
-0.917719451353255 186.656121164642 14.2163395377613 2.11913031884268 1.20017290636719 4.53729558127405 
-0.94170122716435 203.482226779885 39.6281930398744 1.60436202322597 0.907007909328529 23.7410346235438

0.997519545460506 0.463927185488645 
-2.0696158677271 131.135251946272 14.4718533777258 0.629938493134101 2.72333215043961 1.92378540713217 
-2.07499872091103 215.25366262289 14.0502017525639 0.493144679936758 1.83496724475395 3.14364385613973 
-0.284112302516076 187.79626917279 10.2361680598007 2.27357571855327 1.11202381843225 5.3290507903084 
-0.717718196796108 184.116470910355 42.364213305361 1.33663795588884 0.923310485150337 24.7828165201328

0.997851840516724 0.55468721469487 
-3.76475121916234 158.889389132802 25.5531724575213 1.1367587748922 3.13974224710744 1.21813872009054 
-1.39164325487219 191.172189741831 14.7183045759967 1.65299024185688 0.884512323884212 3.13032363111952 
-1.09522752374112 195.950423344764 40.9617129087018 1.50089202850939 0.127347054044869 24.9949032454529 
-2.91079766220954 133.000340480176 14.4947751634776 2.3239516331749 1.2647503745027 1.89928317499109
