0.997889179498765 0.544288526815155
-0.889337151903579 192.786239622672 14.7944376770523 0.393969666405426 2.57185885735094 4.47588491561184
-1.17006771229324 165.000148951465 33.5845078462235 0.0618289300330632 1.20437740945461 14.5206742691756
-0.52846338492124 214.35140792268 44.6000419553428 1.10300311209067 3.13999740663126 7.12726765190876


0.998045790146512 0.541352128943989
-0.789667771066783 186.498802100878 14.9478098776448 0.820190020559896 2.73564190148957 5.18131213266754
-0.826987878216294 151.278263533687 99.9992312293574 1.85121898186614 0.797374894537827 24.9998456997344
-1.4622495376852 206.733025017692 39.9737652095836 1.16867849099929 1.02576631307549 4.6871054120697


0.997207906553982 0.612970983223134
-0.689360109873075 169.482848176025 14.0001181621075 0.425980348303596 0.283658422584889 6.7942590901825
-2.04795848853281 234.999927417824 4.0462503239485 2.86588562174161 0.760829673608083 2.28532262413551
-0.770969660487988 234.999319797312 55.5710606253651 1.68046096323027 0.45234515656616 16.4244905915241


0.998183276133227 0.54228780810258
-1.44926529642484 198.044295324294 36.5061002583319 1.58821133602139 3.13997595408592 4.93223870549008
-1.12274698202124 186.013327448582 15.1190980339352 1.18051451176948 2.81779183069413 4.77566185924968
-0.87746090822167 234.984857785273 72.0255788666094 1.55009218051562 0.369540734347685 19.862825959517


0.997179323950871 0.619347223589807
-1.29742362304287 190.545111088509 13.8780056416645 0.198390426118073 3.13999383144745 3.74383287405317
-1.00841949985378 199.646461242941 39.3699323196503 1.1192899206762 0.926941549662663 8.87517532292297
-3.06999548292362 156.56228038394 16.5175153338175 0.332154093817356 0.588367190825836 1.40030714364698


0.997306706251657 0.6238479445586 
-0.71402577034935 183.486689779844 10.6306177193354 0.280328890989756 2.6996955028874 5.68778678004464 
-1.25085794998668 209.544618924255 36.2368057392767 1.93061833227857 0.643074395010659 24.9534788920938 
-1.96438393723851 196.234853896185 37.0578639879205 1.1535970850127 0.205588477050398 2.52909158854823 
-3.18763090388417 239.055077254324 4.19109450000364 1.34609880686488 3.13419237950785 1.32773495529925

0.996990046369488 0.575338193815664 
-1.46539567277386 189.641611048495 34.5777640548545 1.13893015209961 0.985007402915663 4.9616037777965 
-2.27758115404744 239.428666034218 85.892080165554 2.69643246016065 3.0782429636138 24.6675194754031 
-0.554329530897026 188.702026215034 12.3293824095746 0.627675823413702 3.13912476608476 6.01847058860412 
-2.54775556429175 158.415216869212 69.0166143435142 1.15170172841998 0.388454558310685 17.9397066656188

0.996821986709675 0.623777435848276
-1.1913619446896 192.667642071503 36.3800128309951 1.56300994795903 1.42516555989197 10.0703263662505
-0.89593886727663 173.0490893793 18.5138114208522 0.982198503367558 3.12912147749447 5.20811497260809
-4.36908111193551 183.813386870647 99.8707142563717 0.380329210533856 0.127321740190627 2.06332955213908


0.99712146383806 0.607051176524701 
-0.926829149179624 180.89679478462 17.172414712834 0.44425283833541 2.69970594097097 5.76194022694075 
-2.23781336229453 156.124593224424 22.797299410217 2.35361897874344 2.69746018276794 1.63212899953247 
-1.38515132749219 140.304637262282 90.4640300763658 1.83794049987737 0.43035043934544 15.21730071538 
-3.78598079549598 181.370697584859 57.572737843642 2.60009517036095 0.661731744570377 0.732978910997057

0.997429679470927 0.637964523226199 
-0.254005346691466 211.587788892918 3.01178467015407 0.452289541222134 2.91567555214764 6.67930050589265 
-1.02618696122732 146.00311515792 65.9839311428123 1.7150255314107 0.331326869613747 18.3977192374916 
-2.00722657013353 151.347326765425 21.1679567865361 2.6577086831696 2.71316890611552 0.911844300555162 
-3.04697576940009 229.783268356269 2.23129881593464 1.39623184749621 2.94350714992115 1.48085906566218

0.996707002420686 0.635572684990124
-0.975790648804962 163.043333616563 18.8728357017308 1.86960384453541 2.4265812183782 8.22799661639215
-2.34530413379031 133.000213181502 70.4265960946178 1.45807670169248 0.415569595291866 7.27571780492849
-2.12619310049914 248.999847863708 99.994943959574 0.922382807539256 0.479152626395055 11.8973854169687


0.99780550410699 0.56845331634325 
-2.90996552007396 167.293260549093 26.348509670153 2.91076439496412 3.13566071852522 0.743428115721179 
-2.19996726856449 141.301133891933 18.2923078936529 2.8446421924405 2.67970738812673 0.732019072278462 
-0.917719451353255 186.656121164642 14.2163395377613 2.11913031884268 1.20017290636719 4.53729558127405 
-0.94170122716435 203.482226779885 39.6281930398744 1.60436202322597 0.907007909328529 23.7410346235438

0.997519545460506 0.463927185488645 
-2.0696158677271 131.135251946272 14.4718533777258 0.629938493134101 2.72333215043961 1.92378540713217 
-2.07499872091103 215.25366262289 14.0502017525639 0.493144679936758 1.83496724475395 3.14364385613973 
-0.284112302516076 187.79626917279 10.2361680598007 2.27357571855327 1.11202381843225 5.3290507903084 
-0.717718196796108 184.116470910355 42.364213305361 1.33663795588884 0.923310485150337 24.7828165201328

0.997851840516724 0.55468721469487 
-3.76475121916234 158.889389132802 25.5531724575213 1.1367587748922 3.13974224710744 1.21813872009054 
-1.39164325487219 191.172189741831 14.7183045759967 1.65299024185688 0.884512323884212 3.13032363111952 
-1.09522752374112 195.950423344764 40.9617129087018 1.50089202850939 0.127347054044869 24.9949032454529 
-2.91079766220954 133.000340480176 14.4947751634776 2.3239516331749 1.2647503745027 1.89928317499109
