0.943180609630528, 1.74997242037647,
-0.556487428488116, 218.178245818836, 41.6804359460324, 2.23684048575577, 0.349688667467946, 5.29308298299544, 
-0.607414102452655, 234.99752697629, 3.98491141288593, 2.6795903192145, 1.1818001116993, 1.66260514221209, 
-0.723105925574356, 208.70243558645, 15.0615390891828, 2.61934138497527, 1.28703661064894, 3.44601871755868

0.997893234422696, 0.543930233616823, 
-0.887936162674904, 192.791110046212, 14.7920300721183, 0.393692313422791, 2.57274017102609, 4.47422316595587, 
-1.17108891227155, 165.00023978718, 33.6766426965271, 0.0640978026430336, 1.21307475695545, 14.5403889258329, 
-0.528254326046434, 214.353720809097, 44.5933254470388, 1.10301747983278, 3.13999939366196, 7.12786689582858

0.998045293418241, 0.541772018645156, 
-0.790656250458192, 186.462531813031, 14.9579819098319, 0.81883097797823, 2.73183620441219, 5.19699601287349, 
-0.827174859888744, 151.264466489476, 99.8935655282893, 1.85021472912659, 0.796014900593569, 24.9872471277399, 
-1.46547189835255, 206.708251938326, 39.9674906143237, 1.16928202942029, 1.02571821044223, 4.67832653109304

0.997208871846954, 0.613193060422606, 
-0.690179512085995, 169.240824653731, 13.9368919667625, 0.425720639309747, 0.282912012464918, 6.78552701103889, 
-2.05195873091565, 234.988983966398, 4.04753350155003, 2.86570529473326, 0.758929077368454, 2.28121258607829, 
-0.769545716676461, 234.998609486065, 55.5827505691117, 1.68057285129959, 0.451132303469042, 16.4388206922374

0.996578702460408, 0.607487930353096, 
-11.0126987492631, 149.202184509212, 40.9604590013311, 2.11289753178181, 1.65283789804627, 1.45720475582692, 
-0.618958536719098, 178.068904582253, 7.84778381944791, 0.0898446468735996, 1.17028928288424, 6.96717698034531, 
-0.62603501825173, 212.844227839516, 52.4090515706487, 1.45357280552084, 0.158249922364985, 15.47018973659

0.997180993057598, 0.619428366716555, 
-1.29649076633594, 190.537618932709, 13.8827168419734, 0.19845385873026, 3.13998269938062, 3.74521757253263, 
-1.00901081945199, 199.662094585856, 39.3849465037716, 1.11952868003631, 0.926889602714593, 8.88098304358489, 
-3.07148972448515, 156.537003650077, 16.5196009338919, 0.332326252747032, 0.588374771358116, 1.40069507198293

0.997570350353588, 0.57005309959029, 
-1.42221853791966, 200.037039476853, 41.0191701903492, 1.90448546617328, 0.622664412716484, 24.9889675820766, 
-1.03350581273512, 185.502384801044, 14.4398173959018, 0.549814525541623, 2.6754898624846, 5.17656479717706, 
-1.73318164492909, 192.474208061388, 35.5907305995, 1.94237270623629, 3.13997885604313, 4.43958073463994

0.996972146543439, 0.58105463945928, 
-1.41931093704878, 163.415359145341, 56.0193188831807, 1.83110629006824, 0.464875062953672, 19.661884368286, 
-0.614318040337634, 188.328799195513, 12.3696772275299, 0.602718885654282, 3.13991078005703, 5.89647248264506, 
-1.76572596775654, 189.25101743396, 34.9243220243418, 1.11202267432678, 0.927378420759981, 4.21838267673249

0.996813310102383, 0.624193606575887, 
-1.19181955657631, 192.657043672987, 36.3700094352796, 1.56106206233114, 1.42460947116953, 10.0636092221577, 
-0.89747110521278, 173.052959471502, 18.5058339457018, 0.982305675662625, 3.12863715253524, 5.21109584319445, 
-4.37028670321927, 181.955409870579, 94.2200148191653, 0.379200990645481, 0.130173669910758, 2.08280860138422

0.997119679366585, 0.613024365202686, 
-4.43884894339848, 190.330017977415, 55.7448402162025, 0.568590198453702, 2.26632021979978, 5.55611401037156, 
-1.69550098503436, 148.210937798023, 66.6856902330882, 1.76094933600899, 0.524972778795386, 14.548782201182, 
-0.647227631558345, 173.286881729322, 21.2732835441605, 2.05339383342707, 1.9089366042018, 7.73857586725057

0.996860234431417, 0.562721458734897, 
-0.356248383758894, 213.42799733421, 5.29711623098171, 0.493936555946226, 3.016772110758, 6.18253629582757, 
-1.92128998041493, 151.755605976876, 21.1379121351747, 2.57137517368023, 2.78092890216315, 1.02056384014183, 
-0.991322297659852, 144.82806945559, 73.208404627497, 1.79436900837423, 0.367615918067104, 18.0866963325556

0.996702832308644, 0.635194824922952, 
-0.974914058728348, 163.078302885673, 18.8839028380418, 1.86589637100238, 2.43188039401604, 8.21071944233377, 
-2.34086126150128, 133.001735130605, 70.4787582350238, 1.45971127220806, 0.416900456619942, 7.23453360656932, 
-2.12850590675451, 248.999373307623, 99.9130807515765, 0.923347398630118, 0.480467974949455, 11.7975065682323

0.997663863129424, 0.620455450941597, 
-1.51427538425835, 133.004747879483, 17.5606910718572, 2.7833706566108, 3.13956067697958, 2.19057128081456, 
-1.09434028533385, 209.941487191359, 36.9045084599454, 1.80053929851176, 0.826003969110249, 24.9962285447064, 
-1.7109947111311, 184.374798437, 15.5573405206413, 1.33844716770408, 2.79970375526054, 2.99593313733571

0.996951985463972, 0.512454854549689, 
-0.228907368480583, 198.938687035224, 10.2997343805561, 2.09357597591647, 1.0827906692597, 6.23978276014468, 
-0.876654142488871, 183.31242571865, 44.9614503245151, 1.57566983474678, 0.911680992001188, 24.9953237847194, 
-2.37962533449233, 131.007111523829, 13.1400706483643, 0.753943109418912, 3.07038153023398, 1.59742108175578

0.997854236681329, 0.546787610823014, 
-1.0808108592847, 195.683494786199, 40.7304460490442, 1.6721972172907, 0.223363457314928, 24.9998975551295, 
-1.17298853889226, 189.984444897077, 14.6002209340212, 1.77029844738474, 0.86272950193865, 3.70678330707202, 
-3.00434477982249, 133.000250743684, 14.149619900985, 2.25430126906489, 1.10795868728814, 1.64945135645657
