0.943247796188236, 1.74998087507422, 
-0.556032166103428, 218.172506454156, 41.6688464061351, 2.23454495206778, 0.350237164824452, 5.2892664737624, 
-0.610230112484064, 234.998835394241, 3.98427615356534, 2.67962079839097, 1.18116689793782, 1.66224123486423, 
-0.726099308629267, 208.755277157879, 15.0108943204459, 2.61933369673929, 1.2877836865378, 3.43997934094093

0.997893234422696, 0.543930233616823, 
-0.887936162674904, 192.791110046212, 14.7920300721183, 0.393692313422791, 2.57274017102609, 4.47422316595587, 
-1.17108891227155, 165.00023978718, 33.6766426965271, 0.0640978026430336, 1.21307475695545, 14.5403889258329, 
-0.528254326046434, 214.353720809097, 44.5933254470388, 1.10301747983278, 3.13999939366196, 7.12786689582858

0.998037639913098, 0.541524945410805, 
-0.789777337695491, 186.491300256723, 14.9429842286833, 0.819060727026302, 2.73888644128595, 5.17149610809891,
-0.82584489997625, 151.332642854053, 99.9942843210196, 1.85263670269712, 0.79731079623253, 24.9975240550247, 
-1.46174474573974, 206.724512680612, 39.9698333016015, 1.16622978162542, 1.02816128280257, 4.70545063050184

0.997208871846954, 0.613193060422606, 
-0.690179512085995, 169.240824653731, 13.9368919667625, 0.425720639309747, 0.282912012464918, 6.78552701103889, 
-2.05195873091565, 234.988983966398, 4.04753350155003, 2.86570529473326, 0.758929077368454, 2.28121258607829, 
-0.769545716676461, 234.998609486065, 55.5827505691117, 1.68057285129959, 0.451132303469042, 16.4388206922374

0.99587506743401, 0.625504747873442, 
-2.30831844296769, 214.52165667763, 86.4149156517288, 0.568572045662221, 0.129799104454199, 6.43246158557929, 
-0.688190397640126, 176.392467848154, 8.38656389305506, 0.131333120545899, 1.73074501694989, 6.30447402550534, 
-0.616213348668869, 207.711294962218, 49.236667238353, 1.50582395638484, 0.189625463724947, 14.3141530750981

0.997180993057598, 0.619428366716555, 
-1.29649076633594, 190.537618932709, 13.8827168419734, 0.19845385873026, 3.13998269938062, 3.74521757253263, 
-1.00901081945199, 199.662094585856, 39.3849465037716, 1.11952868003631, 0.926889602714593, 8.88098304358489, 
-3.07148972448515, 156.537003650077, 16.5196009338919, 0.332326252747032, 0.588374771358116, 1.40069507198293

0.997573590049478, 0.569653614766505, 
-1.42323916645707, 196.268478113475, 41.7648471328658, 1.9042832526476, 0.61065885958075, 24.9994736268055, 
-1.03512106973562, 185.499597661628, 14.4699920381576, 0.553781874305235, 2.67429367331996, 5.17721037209111, 
-1.73414991703763, 192.464713441779, 35.5698612455705, 1.94280888429795, 3.13999132315399, 4.43044545480388

0.996967252277634, 0.581371745990303, 
-1.41213803096778, 153.774090312047, 70.3905604805174, 1.85665550140194, 0.45009894446302, 20.0216381303065, 
-0.611749515554228, 188.31130132578, 12.4046960024697, 0.607560251917019, 3.13996251986789, 5.885018223806, 
-1.77410719839222, 189.341518409522, 34.8224654567657, 1.11041719055552, 0.926699626508644, 4.15292966749617

0.996823859888475, 0.623786018710936, 
-1.19155476795886, 192.676398040258, 36.3765088362544, 1.56163423132858, 1.42672119637978, 10.0812720720527, 
-0.895508969368597, 173.059745329331, 18.5000335282928, 0.979837381469784, 3.12794798063957, 5.22288060512397, 
-4.37089337667279, 182.348542684865, 95.1864439176961, 0.38082679306905, 0.129747016395781, 2.02731750377181

0.997057710898762, 0.62204190722981, 
-3.2694120438621, 188.694750903947, 38.5583498658321, 1.40572597476085, 2.07578943287709, 5.18266457972164, 
-1.77727528480062, 182.474689169916, 47.5673626467643, 1.75289289397481, 0.606520722919051, 15.4573283131475, 
-0.680548449565736, 171.508696105512, 20.1868437713901, 1.98299237171129, 1.65743529304375, 7.45558026156703

0.996893776653309, 0.563377922362961, 
-0.360014312271409, 212.720937875096, 5.37015933748244, 0.495941459130381, 3.01689679724296, 6.19652995454697, 
-1.92935359229128, 151.729282705396, 21.1331103476995, 2.56708210572528, 2.79127200674784, 1.0148359164392, 
-1.00019220689611, 142.587720407911, 79.3614406538728, 1.79895140294238, 0.36991644926312, 18.2041679759341

0.996706673900485, 0.635573666643918, 
-0.975916242493694, 163.042758921193, 18.8713429144327, 1.86960198457001, 2.42698081873009, 8.22774594366546, 
-2.34428685501292, 133.001068320312, 70.4987359080183, 1.45864943047999, 0.415233432020311, 7.30173743495371, 
-2.12653761315337, 248.999572548066, 99.9991034156228, 0.922284598872782, 0.479530649918684, 11.8998193798711

0.997663863129424, 0.620455450941597, 
-1.51427538425835, 133.004747879483, 17.5606910718572, 2.7833706566108, 3.13956067697958, 2.19057128081456, 
-1.09434028533385, 209.941487191359, 36.9045084599454, 1.80053929851176, 0.826003969110249, 24.9962285447064, 
-1.7109947111311, 184.374798437, 15.5573405206413, 1.33844716770408, 2.79970375526054, 2.99593313733571

0.996977764723275, 0.511455852343593, 
-0.228833433436799, 198.841285432985, 10.3355439708293, 2.09155095445362, 1.08183217639664, 6.23254783760461, 
-0.876683350230146, 182.92632904916, 45.0432015648758, 1.58281278831633, 0.91551083915008, 24.9983666068836, 
-2.38013769386564, 131.006174481721, 13.1518215399131, 0.754047929045007, 3.06898098291766, 1.60026779770457

0.997855538490116, 0.546420062110237, 
-1.0804134980489, 195.583124075784, 40.6761224531785, 1.67113275069514, 0.219895946505693, 24.9973582852922, 
-1.17129524587262, 190.055153370881, 14.5930103855323, 1.77093311344205, 0.862562066400775, 3.71293943190189, 
-3.00360638371323, 133.000234152652, 14.1526275477081, 2.2515969484792, 1.10856913515339, 1.65588444330435
