0.943275456324114, 1.7499950174057, 
-0.556878219695955, 218.169622466168, 41.6753506967969, 2.23488666502285, 0.349724357456152, 5.29219718130304, 
-0.611622830555407, 234.999861039414, 3.9827907744926, 2.67961387467145, 1.18152096069693, 1.6622755030118, 
-0.725886346869863, 208.790166959089, 15.009587523169, 2.61929993163262, 1.28744895919544, 3.44304000794804

0.99789053223612, 0.54415253489536, 
-0.888598653199992, 192.78486188211, 14.7976538318695, 0.395034300897373, 2.57050982121893, 4.47749900899926, 
-1.17144048271098, 165.000083539732, 33.6309634896142, 0.0640501350595019, 1.20217733597828, 14.5248467526572, 
-0.528249119631957, 214.352405313158, 44.5977211618412, 1.1032110463149, 3.13999998668936, 7.12829374434248

0.998048182359115, 0.541283955207784, 
-0.789946907397759, 186.498053341138, 14.9522891340805, 0.820362367971635, 2.73529221916835, 5.18107733658355, 
-0.82738994345259, 151.267854119875, 99.9967055167475, 1.85061455572397, 0.797501084099269, 24.9999034029427, 
-1.46219027565838, 206.734486205077, 39.9696630854606, 1.16900800121126, 1.02586462756127, 4.68700622651927

0.997207906553982, 0.612970983223134, 
-0.689360109873075, 169.482848176025, 14.0001181621075, 0.425980348303596, 0.283658422584889, 6.7942590901825, 
-2.04795848853281, 234.999927417824, 4.0462503239485, 2.86588562174161, 0.760829673608083, 2.28532262413551, 
-0.770969660487988, 234.999319797312, 55.5710606253651, 1.68046096323027, 0.45234515656616, 16.4244905915241

0.99712903365783, 0.597787233106167, 
-1.92183576903551, 207.698703568687, 40.7333750931177, 1.64624623221731, 3.13017428966475, 4.9077973694574, 
-0.741152188669934, 173.797797719304, 6.27003183116093, 0.0106059550648937, 2.91847641269217, 5.89831605465067, 
-0.839263197135568, 204.645327273621, 53.7071623744487, 1.53443657192025, 0.313848079341811, 24.7919864387326

0.997179323950871, 0.619347223589807, 
-1.29742362304287, 190.545111088509, 13.8780056416645, 0.198390426118073, 3.13999383144745, 3.74383287405317, 
-1.00841949985378, 199.646461242941, 39.3699323196503, 1.1192899206762, 0.926941549662663, 8.87517532292297, 
-3.06999548292362, 156.56228038394, 16.5175153338175, 0.332154093817356, 0.588367190825836, 1.40030714364698

0.997570928605439, 0.569674802385639, 
-1.42173073692646, 182.721334666809, 45.9045382032796, 1.91122421010989, 0.598625632277448, 24.9954407530474, 
-1.03188937256826, 185.522260051248, 14.4452011033492, 0.546694499419197, 2.67536153776324, 5.17508009920128, 
-1.7344360686712, 192.509595150454, 35.6271751501788, 1.94345003792548, 3.13999140213854, 4.45304198847986

0.996973049966377, 0.581782167415728, 
-1.40309001901755, 145.88354814584, 93.8169276373165, 1.88227441425151, 0.454303875404118, 20.6445271298923, 
-0.623425121963008, 188.338019443451, 12.3910447581603, 0.611204199958171, 3.13986285256795, 5.86382953663154, 
-1.77453096214802, 189.176573157496, 34.5813179097125, 1.11324685641483, 0.909295289291844, 3.9973668346092

0.996821986709675, 0.623777435848276, 
-1.1913619446896, 192.667642071503, 36.3800128309951, 1.56300994795903, 1.42516555989197, 10.0703263662505, 
-0.89593886727663, 173.0490893793, 18.5138114208522, 0.982198503367558, 3.12912147749447, 5.20811497260809, 
-4.36908111193551, 183.813386870647, 99.8707142563717, 0.380329210533856, 0.127321740190627, 2.06332955213908

0.996624948256213, 0.619186505838608, 
-2.22791856778719, 156.899294721462, 24.1226506304304, 2.37989530508039, 2.48700580411636, 2.03557670599126, 
-1.38274034450696, 203.903180067267, 37.9464898764716, 1.85464835078706, 0.412187188511985, 22.9528755908778, 
-0.752661452887636, 180.368309463641, 15.3470629013789, 2.59386443065885, 1.80825236103897, 6.41293858669537

0.996831505470699, 0.565287931132561, 
-0.359259322138685, 214.907562302314, 5.03794123224385, 0.489380264302002, 3.01584577347173, 6.20130170663875, 
-1.92953171974277, 151.753590124228, 21.1492806005662, 2.57150396685889, 2.79002341238761, 1.00770932459507, 
-0.995903892372602, 137.163888128587, 99.9525913287035, 1.81075421493178, 0.3933442909257, 18.4490573093343

0.996707002420686, 0.635572684990124, 
-0.975790648804962, 163.043333616563, 18.8728357017308, 1.86960384453541, 2.4265812183782, 8.22799661639215, 
-2.34530413379031, 133.000213181502, 70.4265960946178, 1.45807670169248, 0.415569595291866, 7.27571780492849, 
-2.12619310049914, 248.999847863708, 99.994943959574, 0.922382807539256, 0.479152626395055, 11.8973854169687

0.997660140117216, 0.620754936126221, 
-1.51434905387913, 133.000326809653, 17.5670412575537, 2.78296221168346, 3.13999577097244, 2.18946880176944, 
-1.09552604987667, 209.996238086221, 36.9216160156382, 1.79916540678227, 0.825388902024702, 24.9999802729269, 
-1.71041665080847, 184.369757538281, 15.5589129220917, 1.33615216641133, 2.80107110897226, 2.99728444847726

0.996974116373757, 0.511054770216728, 
-0.225122793277596, 199.101553027332, 10.2968613854911, 2.09282173518077, 1.08165277588344, 6.23656008090409, 
-0.874357804117908, 183.281946924891, 44.9666338138004, 1.58153300733321, 0.912968807925865, 24.9983441388726, 
-2.37794990798056, 131.004868734704, 13.1594759808167, 0.753457192821806, 3.06699528000521, 1.60244120671346

0.997855538490116, 0.546420062110237, 
-1.0804134980489, 195.583124075784, 40.6761224531785, 1.67113275069514, 0.219895946505693, 24.9973582852922, 
-1.17129524587262, 190.055153370881, 14.5930103855323, 1.77093311344205, 0.862562066400775, 3.71293943190189, 
-3.00360638371323, 133.000234152652, 14.1526275477081, 2.2515969484792, 1.10856913515339, 1.65588444330435
