0.943254659812961, 1.74999572579632, 
-0.556579006635274, 218.168755418, 41.6695751272221, 2.23435382334719, 0.349957495649227, 5.29305793174842, 
*-0.611941801026232, 234.999795951612, 3.98321331415684, 2.67937146086306, 1.1813314941101, 1.66041905275032, 
-0.726741527216153, 208.691901328904, 15.0185656745698, 2.61933177346675, 1.28752519600063, 3.43710565467499

0.997889179498765, 0.544288526815155,
-0.889337151903579, 192.786239622672, 14.7944376770523, 0.393969666405426, 2.57185885735094, 4.47588491561184, 
*-1.17006771229324, 165.000148951465, 33.5845078462235, 0.0618289300330632, 1.20437740945461, 14.5206742691756, 
*-0.52846338492124, 214.35140792268, 44.6000419553428, 1.10300311209067, 3.13999740663126, 7.12726765190876

0.998045790146512, 0.541352128943989, 
-0.789667771066783, 186.498802100878, 14.9478098776448, 0.820190020559896, 2.73564190148957, 5.18131213266754, 
*-0.826987878216294, 151.278263533687, 99.9992312293574, 1.85121898186614, 0.797374894537827, 24.9998456997344, 
-1.4622495376852, 206.733025017692, 39.9737652095836, 1.16867849099929, 1.02576631307549, 4.6871054120697

0.997207906553982, 0.612970983223134, 
-0.689360109873075, 169.482848176025, 14.0001181621075, 0.425980348303596, 0.283658422584889, 6.7942590901825, 
*-2.04795848853281, 234.999927417824, 4.0462503239485, 2.86588562174161, 0.760829673608083, 2.28532262413551, 
*-0.770969660487988, 234.999319797312, 55.5710606253651, 1.68046096323027, 0.45234515656616, 16.4244905915241

0.998183276133227, 0.54228780810258, 
*-1.44926529642484, 198.044295324294, 36.5061002583319, 1.58821133602139, 3.13997595408592, 4.93223870549008, 
-1.12274698202124, 186.013327448582, 15.1190980339352, 1.18051451176948, 2.81779183069413, 4.77566185924968, 
*-0.87746090822167, 234.984857785273, 72.0255788666094, 1.55009218051562, 0.369540734347685, 19.862825959517

0.997179323950871, 0.619347223589807, 
*-1.29742362304287, 190.545111088509, 13.8780056416645, 0.198390426118073, 3.13999383144745, 3.74383287405317, 
-1.00841949985378, 199.646461242941, 39.3699323196503, 1.1192899206762, 0.926941549662663, 8.87517532292297, 
-3.06999548292362, 156.56228038394, 16.5175153338175, 0.332154093817356, 0.588367190825836, 1.40030714364698

0.997570928605439, 0.569674802385639, 
*-1.42173073692646, 182.721334666809, 45.9045382032796, 1.91122421010989, 0.598625632277448, 24.9954407530474, 
-1.03188937256826, 185.522260051248, 14.4452011033492, 0.546694499419197, 2.67536153776324, 5.17508009920128, 
*-1.7344360686712, 192.509595150454, 35.6271751501788, 1.94345003792548, 3.13999140213854, 4.45304198847986

0.996990592747995, 0.579068891002051, 
*-1.39158237927307, 145.169790715559, 98.9583065631528, 1.89814392552374, 0.459847477057924, 20.9938625846159, 
*-0.621588116390597, 188.248148626481, 12.4868168249926, 0.61441309924385, 3.1399777176371, 5.851318888623, 
-1.77476344486079, 189.142178775263, 34.5853556824645, 1.12273590997532, 0.904247152449401, 3.94762619700828

0.996821986709675, 0.623777435848276, 
-1.1913619446896, 192.667642071503, 36.3800128309951, 1.56300994795903, 1.42516555989197, 10.0703263662505, 
*-0.89593886727663, 173.0490893793, 18.5138114208522, 0.982198503367558, 3.12912147749447, 5.20811497260809, 
-4.36908111193551, 183.813386870647, 99.8707142563717, 0.380329210533856, 0.127321740190627, 2.06332955213908

0.996918133696776, 0.620067312086637, 
-2.04457383309629, 157.245180605981, 23.2586507443556, 2.23468766786319, 2.4391318276505, 2.53219651794628, 
*-1.40175262311727, 139.96637386067, 99.8867053852637, 1.86197716199617, 0.420731482533085, 16.1492257799208, 
-0.934586115434938, 181.833677694661, 15.9980060326747, 2.60737537600759, 1.83153493001664, 5.75371314406326

0.996835018234255, 0.565108422310833, 
-0.358121422715121, 215.061031055193, 5.04463576876429, 0.490023380647871, 3.01715464625096, 6.20098404565161, 
-1.92984684016586, 151.75825210903, 21.1488856043935, 2.57197619418299, 2.79433769556738, 1.00193821685654, 
*-0.995422534687567, 137.192973622205, 99.3135166957438, 1.80806530302117, 0.393070234947073, 18.4438154730588

0.996707002420686, 0.635572684990124, 
-0.975790648804962, 163.043333616563, 18.8728357017308, 1.86960384453541, 2.4265812183782, 8.22799661639215, 
*-2.34530413379031, 133.000213181502, 70.4265960946178, 1.45807670169248, 0.415569595291866, 7.27571780492849, 
*-2.12619310049914, 248.999847863708, 99.994943959574, 0.922382807539256, 0.479152626395055, 11.8973854169687

0.997660140117216, 0.620754936126221, 
*-1.51434905387913, 133.000326809653, 17.5670412575537, 2.78296221168346, 3.13999577097244, 2.18946880176944, 
*-1.09552604987667, 209.996238086221, 36.9216160156382, 1.79916540678227, 0.825388902024702, 24.9999802729269, 
-1.71041665080847, 184.369757538281, 15.5589129220917, 1.33615216641133, 2.80107110897226, 2.99728444847726

0.996967046537438, 0.511729960680332, 
-0.228005057763552, 198.917988061073, 10.3120781235471, 2.09279929912657, 1.082453913496, 6.23789985450945, 
*-0.876033827063212, 183.091300796724, 44.9986192922651, 1.58079098692972, 0.91229721213746, 24.9999723493831, 
*-2.37933426251476, 131.000077063036, 13.1560031085572, 0.753311943929286, 3.06745933406701, 1.60246578410973

0.997855252841665, 0.546718062993389, 
*-1.08022635369968, 195.688891778335, 40.6781388328019, 1.67137118445804, 0.220968239644879, 24.9999768523825, 
-1.17316517187324, 190.008742893068, 14.5924821840195, 1.7709194349022, 0.862572992869081, 3.70722708786797, 
*-3.00331544009593, 133.000082308284, 14.1584396842888, 2.25225978975775, 1.10856793026097, 1.65353032847466
