9
[0.006624943981689025, 0.12433223163603721, 0.04120152768255225, 0.40509128506757713, 0.2521752132087146, 0.03167068163927658, 0.04675628576459586, 0.365044290093358, 0.0662379952024143, 5.931354565988985, 0.21478016430086094, 0.009264850313625806, 0.021870543817381984, 0.062171494786822296, 0.06970662895778305, 7.150709570713838, 2.7200186332683796, 0.009590632709297992, 0.023617793109424176, 0.1881290905707329]
10
[0.0004208042645712694, 0.020650363745052268, 0.17462382811556848, 1.3766856442329876, 0.9011207903353152, 0.11583934319866417, 0.26334836473676526, 0.3629414187196498, 0.24314867549027072, 5.872551266977529, 8.826315222028695, 0.17260611866398912, 1.3111677036199447, 1.3418536073846699, 0.07167952367514471, 0.43698661069916583, 0.3058151610888755, 0.0521881792361195, 0.06708646681829078, 0.49322263594032956]
11
[0.0003362755642797717, 0.01613087456881509, 0.09468293898435336, 1.090663676470768, 0.605194076262095, 0.1455851531679185, 0.15928762636146146, 0.3295702143503829, 0.09342568587259295, 10.27832735375657, 27.565331108369925, 0.09164922120548934, 0.07571540690368692, 4.609044601295202, 0.08901261418426781, 0.5497548773357663, 0.6111042985478299, 0.08764571953987822, 0.07965955716113925, 0.6033523703524352]
12
[0.00028532475933002664, 0.01323737809191772, 0.055487619195935034, 7.087592768583347, 1.833566259670155, 0.019479070988153827, 0.044524678665760084, 0.31407387163336037, 0.11423028129833887, 23.07584555248323, 0.84796036113272, 0.04542889118515885, 0.10665004439286355, 0.21202673929319843, 0.051797471098303155, 5.2264338764815506, 4.041245613608281, 0.030981647830288794, 0.020482113671235577, 1.1627163115636454]
13
[0.00025168396800668576, 0.011905718318039491, 0.10454299744919274, 1.355450471024368, 1.0812482748124876, 0.057401995389456374, 0.23004776185726014, 1.6935931126372625, 0.12661549683411158, 0.9495541770298206, 0.5070355067941046, 0.16113866058254944, 0.22450948383266314, 0.8473832035464219, 0.05742866117253776, 13.616533424119167, 21.575079969746717, 0.025541717763808078, 0.028041737488392823, 3.1533314100788754]
14
[0.00031856262209699343, 0.013107481553512084, 0.07998470448065192, 1.296727912026736, 1.2705991763963698, 0.0367168781366122, 0.21647268938373673, 0.21393067864713933, 0.055607009159681205, 1.2122576568594212, 0.8740057653228166, 0.03790057432155665, 0.04312654220409857, 0.6187671362603837, 0.180768421168859, 2.676009913072835, 0.7467727746117518, 0.13642838065654714, 0.45649347127922724, 0.6761881013230282]
15
[0.00031355669540846756, 0.013405462315407892, 0.09491725617031382, 14.166068865404808, 7.273288056965571, 0.1287884560823007, 0.19501071635116415, 4.869771358975315, 0.1028185465132599, 1.0654245900532668, 1.0001637965821129, 0.14271426560276645, 0.13811283752288392, 0.20752223784203794, 0.11470097070237192, 1.823617811151957, 1.1413735963850689, 0.05164502371305807, 0.09085839767457869, 0.8071941037635585]
16
[0.0003528801470683059, 0.015424511659069537, 0.09992377538318543, 4.375144954948238, 29.239029801031123, 0.13573699941295497, 0.0885288944306484, 4.450705934083818, 0.07522964337752899, 3.522598381148759, 1.6283196481746163, 0.060775364084991554, 0.0732092085006428, 0.23767991285988355, 0.15892228932666208, 1.8874661412626057, 0.9649694665265158, 0.08007432114447419, 0.09214700309978346, 0.7890675704467325]
17
[0.0003496594062978239, 0.01664200489308218, 0.14097897610905072, 1.5302674018248905, 1.1954416911617534, 0.12824909563792283, 0.1883648080114219, 0.9974130224462155, 0.10240459301518949, 1.5674567615893333, 1.2409566086021053, 0.04835294213745157, 0.07464245562922553, 0.37053403687917197, 0.22587093141807965, 10.41351129720676, 26.886598941258356, 0.13154544648990812, 0.15318652361263274, 2.3096367785165137]
18
[0.00035024035247721325, 0.01429008192841139, 0.14594557163116514, 0.6331638487185832, 0.3908858738870377, 0.12582283449445217, 0.2564032089611309, 0.5934314783809727, 0.0863774544938232, 4.913256260330381, 14.434492536573547, 0.08306493604288964, 0.03384700869022849, 2.1817971206189295, 0.06726559161424532, 1.6001610824038486, 2.053148094998971, 0.052430662879412934, 0.06610778928985173, 0.32283666591408045]
19
[0.0004936385757156219, 0.02281849420025446, 0.06824869719236676, 12.401173142669633, 0.39399718029430236, 0.035717191376950355, 0.031231962696830304, 0.294894822089964, 0.08216171118831041, 0.41119271142424224, 0.33655922815544376, 0.10338050878617021, 0.17587881929594038, 0.18900547311652338, 0.1030985508572878, 3.6071590053997205, 17.729641400412778, 0.12281316632070309, 0.038281398735376705, 3.1329038177535495]
20
[0.000349357041046291, 0.019421628485165616, 0.051712064442358624, 1.4808004456630646, 0.6635126452724972, 0.2175727347681737, 0.2115199823115531, 0.7277513021199636, 0.3900643380541477, 6.305339767918326, 3.2448506726198696, 0.11858219219488061, 0.024146260563027055, 2.141123429232464, 0.24978875252827468, 14.526584167948629, 6.282156055130827, 0.35728122104029436, 0.06419259361306207, 4.183758448602525]
21
[0.0003587946268899198, 0.02815492857966934, 0.10027103873764748, 9.09721606060809, 0.8917200680944226, 0.048543495777992565, 0.11749065106895601, 0.5310453700083968, 0.17955944802517454, 27.178211470206, 9.33380605975111, 0.33677134641076206, 0.17667092273794605, 8.341651668448185, 0.20226950068896493, 1.4480889047182612, 0.5493832509869305, 0.23680301638404727, 0.18040921720800174, 0.6108966507641158]
22
[0.0006699268077045947, 0.029614851546136405, 0.0733397607958682, 3.4101916953144347, 0.4500889097212667, 0.04294523113619706, 0.04298260731647226, 0.4232165354028226, 0.08637223024314718, 0.6748489208570116, 8.445175415665414, 0.10447301966568434, 0.11051449445237237, 7.962582970347478, 0.14144878012719408, 4.796793018553113, 2.0633657733347923, 0.11021603465988077, 0.21189298625115469, 0.2883957063028111]
23
[0.00040417562339874815, 0.028003942508815226, 0.13542075405630816, 20.429587602894955, 4.98442240480375, 0.20339223752654154, 0.14552286272586673, 6.7245419476103905, 0.15505435424499137, 5.654448088376806, 0.7379659117170655, 0.06440339755622564, 0.046481372223037005, 0.5410767182156586, 0.13683083948185942, 2.400652458273592, 1.1335283416768833, 0.13378745581427592, 0.3120387940332343, 0.37289263759454044]
