0.9436, 1.75, 
-0.58, 218.2, 41.9, 2.20, 0.34, 5.0, 
-0.57, 234.1, 4.0, 2.68, 1.18, 1.7, 
-0.72, 202.1, 18.5, 2.62, 1.25, 3.6

0.9978, 0.54, 
-0.88, 192.8, 14.7, 0.39, 2.57, 4.4, 
-1.17, 165.0, 33.6, 0.05, 1.22, 14.4, 
-0.52, 214.3, 44.6, 1.10, 3.13, 7.1

0.9978, 0.54, 
-0.78, 186.2, 14.8, 0.82, 2.71, 5.1, 
-0.81, 164.7, 69.1, 1.84, 0.80, 24.9, 
-1.45, 206.6, 40.2, 1.16, 1.03, 4.7

0.9972, 0.61, 
-0.68, 171.2, 14.4854754269464, 0.427228521693158, 0.295400883812198, 6.8023416778881, 
-2.03, 234.741291466976, 4.12215189986212, 2.85874389938352, 0.744354492872697, 2.30529960249348, 
-0.77, 234.911026963567, 55.4770409342662, 1.68392558703812, 0.452346959087197, 16.5802250903418

0.997211574344558, 0.618147636845371, 
-1.30059178991233, 190.498331919049, 13.9515185115771, 0.198047478448257, 3.13981369791559, 3.73668386337476, 
-1.00988774635836, 199.676198893255, 39.4423839104019, 1.11747566277276, 0.929676986049978, 8.91855032707461, 
-3.07436836693226, 156.640525633699, 16.5863629385385, 0.330609436695319, 0.560367616927953, 1.37231602910542

0.997541954897028, 0.574490483899736, 
-1.43513286468286, 211.235681483775, 38.5733718945716, 1.87681324063628, 0.646560491076888, 22.8680555404094, 
-1.01523506499761, 185.385432439845, 14.2188984235466, 0.461798731778053, 2.70683203901108, 5.18145427121077, 
-1.78504331898344, 193.374270363556, 36.1093855740268, 1.95725404013829, 3.13593209770311, 4.59136648949941

0.99693429879564, 0.580817981166378, 
-1.43218032253391, 178.728863228585, 46.3979714090881, 1.7914880972512, 0.587475066219387, 19.6974361693602, 
-0.609168706052075, 188.919383111776, 12.1311535096032, 0.604725773503481, 3.13849273333178, 5.90724068465096, 
-1.73212214184994, 188.997829354598, 34.8909992242957, 1.1113656736089, 0.92816570255335, 4.27306626113109

0.99685878189686, 0.62366634755556, 
-1.1884114776491, 192.632280880331, 36.286209501111, 1.55338124520523, 1.43187123563462, 10.1051934778939, 
-0.914641958367485, 172.871555236923, 18.6115072796538, 0.986093874271853, 3.12629029985631, 5.17292132384451, 
-4.36762076505125, 173.190404930548, 75.6235934101059, 0.377294576969984, 0.174943819285383, 2.47765910553465

0.996837182464101, 0.570224665321164, 
-0.406734805662125, 201.212061262827, 6.85939454524381, 0.506297445818653, 2.99410999962569, 6.10123422772864, 
-1.96808165737905, 151.735160432975, 21.0878368684776, 2.57826315843415, 2.82749505761376, 0.934789620304997, 
-1.00239846731423, 161.918491616529, 50.1663309587893, 1.78610951372184, 0.252934101583081, 18.4045739230796

0.996650603691232, 0.638441815945689, 
-0.967738389401958, 162.881472984963, 18.7826181450602, 1.88548964508426, 2.39126733855914, 8.35281855108553, 
-2.33070005635702, 134.074385124358, 69.0517197807629, 1.46540871264314, 0.417259687548964, 7.43350560140968, 
-2.16425856947408, 248.955093545596, 97.7679294548367, 0.92525649547849, 0.47293695912401, 11.3223870967236

0.997631291016335, 0.622268493979421, 
-1.50585613144534, 133.05099602989, 17.5843314501785, 2.77861685616034, 3.13809309797355, 2.21730426997745, 
-1.09896479206903, 208.18185709375, 37.4604155849301, 1.76756151978984, 0.844977098545405, 24.8812631441759, 
-1.71793530896722, 184.31858528856, 15.5210944238788, 1.35146100376327, 2.8014482073693, 2.97231585748794

0.996876489143195, 0.519151085473689, 
-0.203111343292531, 197.940737905474, 10.1993407645131, 2.09544679069598, 1.10460011004385, 6.47733514109238, 
-0.937002548811698, 186.099471326402, 46.4824054315697, 1.55463815726583, 0.75818633090575, 24.3804967783852, 
-2.41534316960967, 131.56616556132, 13.234375968923, 0.771285773458681, 3.09070640401111, 1.5274516000794

0.997839737156715, 0.546922918916369, 
-1.09371491419721, 196.213774594823, 41.1733032329348, 1.67290597725009, 0.276422830843886, 24.7163278633269, 
-1.16415648476292, 190.190457989824, 14.6003318976665, 1.76928873680756, 0.865495483574681, 3.73973822386963, 
-3.00121285241383, 133.016686553481, 14.2372734875323, 2.24238180873486, 1.12156923197479, 1.6755287005165
